-101-

tataris intra 666616 86666611· 1666 661 16 666116 1 16116
166666666116 666616 61 1166 jare 16611 616616166616-
a· 6 1666 finalmente si 1166 66116 prima 616111 666
1116666 66611666161661666611166166166, 1661616666 66116
6666616 16 666616 666 habitatores 66166 macria Surrenti.
Nella tcrza Consuetudinc 166 66116 61 leggono 16 66-
6616 6611666 6666661, 16 luogo 1611666611 66116666 capo
di questa rubrica 61666616 666616 66666611. 1161 6661
66116 666616 066666161166 166 66116 c' incontriarno con
16 666616 jac 6666661, ahc 661 666616 6666 6666 66611-
16116 16116 666616 jac 116616 61 61166 6 611 66116 616666
1666 1666 6661661666 leggiamo 16 666616 66666116-
tam per cambiatores, 16 66611 6666 61616 6666666 66116
666166 rubrica. 11 666166616 6116 166 161 661616 6666
11 6666 6666 16 666616 6116116616666 1666666116 16616 66·

1616 616 66666666 66116 661616 consuetudinarie 166 i

volte che questa 1166 166666666611666166666661161666
[16611661 661616 6666. Ν66116661 6666 16 1111666666 166
11 66616 6666 6 16 66616 (166666161166, escendo 16 666-
616 166 66116 6661116 jura 66666661616661166166666·
6661, 16 luogo 16116 66611 666616 6666 66116 rubrica
66611611 166616611616616616, 6 66116 stesso sesto
6666 61 6166666666 166 616616, 16116 66611 16 prima 1
16116 666616 61 66616666 jactum pretium 61 66 trac co·
161666 1666 16 666616 16616616616 6661116, 6 16 6666616

16116 parole 61161666 cccc jacto 666116 iada 661616 6116
166161 16116 ultimo 66616 6666.

111) Ρ. 36. v. 1. (tc 666 6666616166611616661661616.)“
Ncn 1 666616 rubrica che 666 66616 66661 6616666161-

166616 161166166 1166666161166 6666161666 816616666-

 

